data_path	./formated_data/Amazon_Instant_Video.formated
deep_neurons	[10, 1]
description	mf_batchsize_64_
dimnode	40
embedding_path	./output/embedding/bitcoin_otc_sgcn.csv
epochs	100
lamb	1.0
layers	[32, 32]
learning_rate	0.001
log_path	./logs/bitcoin_otc_logs.json
mf_batchsize	64
mf_lambda	0.001
mf_learnrate	0.4
mf_lfmdim	200
model	mf
reduction_dimensions	64
reduction_iterations	30
regression_weights_path	./output/weights/bitcoin_otc_sgcn.csv
seed	42
sgcn_mf_batchsize	1024
spectral_features	False
super_mu	0.01
test_size	0.2
topk	10
weight_decay	0.01
ydivx	1
####################
0.004301075268817204 0.030864197530864196 0.007550018875047186 
0.003010752688172043 0.021604938271604937 0.005285013212533032 
0.0040860215053763445 0.029320987654320986 0.0071725179312948275 
0.005161290322580645 0.037037037037037035 0.009060022650056626 
0.003870967741935484 0.027777777777777776 0.00679501698754247 
0.004516129032258065 0.032407407407407406 0.007927519818799548 
0.005161290322580645 0.037037037037037035 0.009060022650056626 
0.005376344086021506 0.038580246913580245 0.009437523593808986 
0.006236559139784947 0.044753086419753084 0.010947527368818424 
0.006666666666666667 0.047839506172839504 0.011702529256323141 
0.006881720430107527 0.04938271604938271 0.0120800302000755 
0.007526881720430108 0.05401234567901234 0.013212533031332577 
0.007311827956989247 0.05246913580246913 0.012835032087580219 
0.007526881720430108 0.05401234567901234 0.013212533031332577 
0.009247311827956989 0.06635802469135803 0.016232540581351453 
0.00989247311827957 0.07098765432098765 0.017365043412608534 
0.01032258064516129 0.07407407407407407 0.01812004530011325 
0.011182795698924731 0.08024691358024691 0.019630049075122686 
0.01032258064516129 0.07407407407407407 0.01812004530011325 
0.011397849462365592 0.08179012345679013 0.020007550018875046 
0.010537634408602151 0.07561728395061729 0.01849754624386561 
0.010752688172043012 0.07716049382716049 0.018875047187617972 
0.012043010752688172 0.08641975308641975 0.021140052850132127 
0.011182795698924731 0.08024691358024691 0.019630049075122686 
0.012258064516129033 0.08796296296296297 0.021517553793884484 
0.01096774193548387 0.0787037037037037 0.019252548131370326 
0.012043010752688172 0.08641975308641975 0.021140052850132127 
0.011612903225806452 0.08333333333333333 0.020385050962627407 
0.013118279569892474 0.0941358024691358 0.023027557568893922 
0.012473118279569893 0.08950617283950617 0.021895054737636848 
0.012688172043010752 0.09104938271604938 0.022272555681389205 
0.011827956989247311 0.08487654320987655 0.020762551906379764 
0.011827956989247311 0.08487654320987655 0.020762551906379764 
0.012258064516129033 0.08796296296296297 0.021517553793884484 
0.012043010752688172 0.08641975308641975 0.021140052850132127 
0.012258064516129033 0.08796296296296297 0.021517553793884484 
0.012258064516129033 0.08796296296296297 0.021517553793884484 
0.012688172043010752 0.09104938271604938 0.022272555681389205 
0.012258064516129033 0.08796296296296297 0.021517553793884484 
0.012688172043010752 0.09104938271604938 0.022272555681389205 
0.013978494623655914 0.10030864197530864 0.02453756134390336 
0.014623655913978495 0.10493827160493827 0.025670064175160438 
0.014193548387096775 0.10185185185185185 0.02491506228765572 
0.013118279569892474 0.0941358024691358 0.023027557568893922 
0.011827956989247311 0.08487654320987655 0.020762551906379764 
0.01096774193548387 0.0787037037037037 0.019252548131370326 
0.012688172043010752 0.09104938271604938 0.022272555681389205 
0.012473118279569893 0.08950617283950617 0.021895054737636848 
0.012688172043010752 0.09104938271604938 0.022272555681389205 
0.013333333333333334 0.09567901234567901 0.023405058512646282 
0.012688172043010752 0.09104938271604938 0.022272555681389205 
0.012473118279569893 0.08950617283950617 0.021895054737636848 
0.013118279569892474 0.0941358024691358 0.023027557568893922 
0.013763440860215054 0.09876543209876543 0.024160060400151 
0.013978494623655914 0.10030864197530864 0.02453756134390336 
0.014408602150537634 0.10339506172839506 0.025292563231408077 
0.013978494623655914 0.10030864197530864 0.02453756134390336 
0.014408602150537634 0.10339506172839506 0.025292563231408077 
0.013548387096774193 0.09722222222222222 0.023782559456398643 
0.013978494623655914 0.10030864197530864 0.02453756134390336 
0.013763440860215054 0.09876543209876543 0.024160060400151 
0.014193548387096775 0.10185185185185185 0.02491506228765572 
0.014623655913978495 0.10493827160493827 0.025670064175160438 
0.014193548387096775 0.10185185185185185 0.02491506228765572 
0.014193548387096775 0.10185185185185185 0.02491506228765572 
0.015053763440860216 0.10802469135802469 0.026425066062665155 
0.015268817204301075 0.1095679012345679 0.026802567006417515 
0.013978494623655914 0.10030864197530864 0.02453756134390336 
0.013548387096774193 0.09722222222222222 0.023782559456398643 
0.013978494623655914 0.10030864197530864 0.02453756134390336 
0.014193548387096775 0.10185185185185185 0.02491506228765572 
0.013763440860215054 0.09876543209876543 0.024160060400151 
0.014838709677419355 0.10648148148148148 0.026047565118912798 
0.013763440860215054 0.09876543209876543 0.024160060400151 
0.013333333333333334 0.09567901234567901 0.023405058512646282 
0.013763440860215054 0.09876543209876543 0.024160060400151 
0.013763440860215054 0.09876543209876543 0.024160060400151 
0.013763440860215054 0.09876543209876543 0.024160060400151 
0.014623655913978495 0.10493827160493827 0.025670064175160438 
0.013118279569892474 0.0941358024691358 0.023027557568893922 
0.013763440860215054 0.09876543209876543 0.024160060400151 
0.014623655913978495 0.10493827160493827 0.025670064175160438 
0.013763440860215054 0.09876543209876543 0.024160060400151 
0.014193548387096775 0.10185185185185185 0.02491506228765572 
0.013978494623655914 0.10030864197530864 0.02453756134390336 
0.015053763440860216 0.10802469135802469 0.026425066062665155 
0.014623655913978495 0.10493827160493827 0.025670064175160438 
0.014623655913978495 0.10493827160493827 0.025670064175160438 
0.014838709677419355 0.10648148148148148 0.026047565118912798 
0.014623655913978495 0.10493827160493827 0.025670064175160438 
0.013978494623655914 0.10030864197530864 0.02453756134390336 
0.014623655913978495 0.10493827160493827 0.025670064175160438 
0.014623655913978495 0.10493827160493827 0.025670064175160438 
0.013978494623655914 0.10030864197530864 0.02453756134390336 
0.014408602150537634 0.10339506172839506 0.025292563231408077 
0.015268817204301075 0.1095679012345679 0.026802567006417515 
0.015268817204301075 0.1095679012345679 0.026802567006417515 
0.015053763440860216 0.10802469135802469 0.026425066062665155 
0.015913978494623657 0.11419753086419752 0.027935069837674596 
0.015268817204301075 0.1095679012345679 0.026802567006417515 
