data_path	./formated_data/Amazon_Instant_Video.formated
deep_neurons	[10, 1]
description	mf_learnrate_1_
dimnode	40
embedding_path	./output/embedding/bitcoin_otc_sgcn.csv
epochs	100
lamb	1.0
layers	[32, 32]
learning_rate	0.001
log_path	./logs/bitcoin_otc_logs.json
mf_batchsize	200
mf_lambda	0.001
mf_learnrate	1.0
mf_lfmdim	200
model	mf
reduction_dimensions	64
reduction_iterations	30
regression_weights_path	./output/weights/bitcoin_otc_sgcn.csv
seed	42
sgcn_mf_batchsize	1024
spectral_features	False
super_mu	0.01
test_size	0.2
topk	10
weight_decay	0.01
ydivx	1
####################
0.0015053763440860215 0.010802469135802469 0.002642506606266516 
0.003870967741935484 0.027777777777777776 0.00679501698754247 
0.003870967741935484 0.027777777777777776 0.00679501698754247 
0.003870967741935484 0.027777777777777776 0.00679501698754247 
0.003870967741935484 0.027777777777777776 0.00679501698754247 
0.003870967741935484 0.027777777777777776 0.00679501698754247 
0.003870967741935484 0.027777777777777776 0.00679501698754247 
0.003870967741935484 0.027777777777777776 0.00679501698754247 
0.003870967741935484 0.027777777777777776 0.00679501698754247 
0.003870967741935484 0.027777777777777776 0.00679501698754247 
0.003870967741935484 0.027777777777777776 0.00679501698754247 
0.003870967741935484 0.027777777777777776 0.00679501698754247 
0.003870967741935484 0.027777777777777776 0.00679501698754247 
0.003870967741935484 0.027777777777777776 0.00679501698754247 
0.003870967741935484 0.027777777777777776 0.00679501698754247 
0.003870967741935484 0.027777777777777776 0.00679501698754247 
0.003870967741935484 0.027777777777777776 0.00679501698754247 
0.003870967741935484 0.027777777777777776 0.00679501698754247 
0.003870967741935484 0.027777777777777776 0.00679501698754247 
0.003870967741935484 0.027777777777777776 0.00679501698754247 
0.003870967741935484 0.027777777777777776 0.00679501698754247 
0.003870967741935484 0.027777777777777776 0.00679501698754247 
0.003870967741935484 0.027777777777777776 0.00679501698754247 
0.003870967741935484 0.027777777777777776 0.00679501698754247 
0.003870967741935484 0.027777777777777776 0.00679501698754247 
0.003870967741935484 0.027777777777777776 0.00679501698754247 
0.003870967741935484 0.027777777777777776 0.00679501698754247 
0.003870967741935484 0.027777777777777776 0.00679501698754247 
0.003870967741935484 0.027777777777777776 0.00679501698754247 
0.003870967741935484 0.027777777777777776 0.00679501698754247 
0.003870967741935484 0.027777777777777776 0.00679501698754247 
0.003870967741935484 0.027777777777777776 0.00679501698754247 
0.003870967741935484 0.027777777777777776 0.00679501698754247 
0.003870967741935484 0.027777777777777776 0.00679501698754247 
0.003870967741935484 0.027777777777777776 0.00679501698754247 
0.003870967741935484 0.027777777777777776 0.00679501698754247 
0.003870967741935484 0.027777777777777776 0.00679501698754247 
0.003870967741935484 0.027777777777777776 0.00679501698754247 
0.003870967741935484 0.027777777777777776 0.00679501698754247 
0.003870967741935484 0.027777777777777776 0.00679501698754247 
0.003870967741935484 0.027777777777777776 0.00679501698754247 
0.003870967741935484 0.027777777777777776 0.00679501698754247 
0.003870967741935484 0.027777777777777776 0.00679501698754247 
0.003870967741935484 0.027777777777777776 0.00679501698754247 
0.003870967741935484 0.027777777777777776 0.00679501698754247 
0.003870967741935484 0.027777777777777776 0.00679501698754247 
0.003870967741935484 0.027777777777777776 0.00679501698754247 
0.003870967741935484 0.027777777777777776 0.00679501698754247 
0.003870967741935484 0.027777777777777776 0.00679501698754247 
0.003870967741935484 0.027777777777777776 0.00679501698754247 
0.003870967741935484 0.027777777777777776 0.00679501698754247 
0.003870967741935484 0.027777777777777776 0.00679501698754247 
0.003870967741935484 0.027777777777777776 0.00679501698754247 
0.003870967741935484 0.027777777777777776 0.00679501698754247 
0.003870967741935484 0.027777777777777776 0.00679501698754247 
0.003870967741935484 0.027777777777777776 0.00679501698754247 
0.003870967741935484 0.027777777777777776 0.00679501698754247 
0.003870967741935484 0.027777777777777776 0.00679501698754247 
0.003870967741935484 0.027777777777777776 0.00679501698754247 
0.003870967741935484 0.027777777777777776 0.00679501698754247 
0.003870967741935484 0.027777777777777776 0.00679501698754247 
0.003870967741935484 0.027777777777777776 0.00679501698754247 
0.003870967741935484 0.027777777777777776 0.00679501698754247 
0.003870967741935484 0.027777777777777776 0.00679501698754247 
0.003870967741935484 0.027777777777777776 0.00679501698754247 
0.003870967741935484 0.027777777777777776 0.00679501698754247 
0.003870967741935484 0.027777777777777776 0.00679501698754247 
0.003870967741935484 0.027777777777777776 0.00679501698754247 
0.003870967741935484 0.027777777777777776 0.00679501698754247 
0.003870967741935484 0.027777777777777776 0.00679501698754247 
0.003870967741935484 0.027777777777777776 0.00679501698754247 
0.003870967741935484 0.027777777777777776 0.00679501698754247 
0.003870967741935484 0.027777777777777776 0.00679501698754247 
0.003870967741935484 0.027777777777777776 0.00679501698754247 
0.003870967741935484 0.027777777777777776 0.00679501698754247 
0.003870967741935484 0.027777777777777776 0.00679501698754247 
0.003870967741935484 0.027777777777777776 0.00679501698754247 
0.003870967741935484 0.027777777777777776 0.00679501698754247 
0.003870967741935484 0.027777777777777776 0.00679501698754247 
0.003870967741935484 0.027777777777777776 0.00679501698754247 
0.003870967741935484 0.027777777777777776 0.00679501698754247 
0.003870967741935484 0.027777777777777776 0.00679501698754247 
0.003870967741935484 0.027777777777777776 0.00679501698754247 
0.003870967741935484 0.027777777777777776 0.00679501698754247 
0.003870967741935484 0.027777777777777776 0.00679501698754247 
0.003870967741935484 0.027777777777777776 0.00679501698754247 
0.003870967741935484 0.027777777777777776 0.00679501698754247 
0.003870967741935484 0.027777777777777776 0.00679501698754247 
0.003870967741935484 0.027777777777777776 0.00679501698754247 
0.003870967741935484 0.027777777777777776 0.00679501698754247 
0.003870967741935484 0.027777777777777776 0.00679501698754247 
0.003870967741935484 0.027777777777777776 0.00679501698754247 
0.003870967741935484 0.027777777777777776 0.00679501698754247 
0.003870967741935484 0.027777777777777776 0.00679501698754247 
0.003870967741935484 0.027777777777777776 0.00679501698754247 
0.003870967741935484 0.027777777777777776 0.00679501698754247 
0.003870967741935484 0.027777777777777776 0.00679501698754247 
0.003870967741935484 0.027777777777777776 0.00679501698754247 
0.003870967741935484 0.027777777777777776 0.00679501698754247 
0.003870967741935484 0.027777777777777776 0.00679501698754247 
