data_path	./formated_data/Amazon_Instant_Video.formated
deep_neurons	[10, 1]
description	mf_batchsize_8_
dimnode	40
embedding_path	./output/embedding/bitcoin_otc_sgcn.csv
epochs	100
lamb	1.0
layers	[32, 32]
learning_rate	0.001
log_path	./logs/bitcoin_otc_logs.json
mf_batchsize	8
mf_lambda	0.001
mf_learnrate	0.4
mf_lfmdim	200
model	mf
reduction_dimensions	64
reduction_iterations	30
regression_weights_path	./output/weights/bitcoin_otc_sgcn.csv
seed	42
sgcn_mf_batchsize	1024
spectral_features	False
super_mu	0.01
test_size	0.2
topk	10
weight_decay	0.01
ydivx	1
####################
0.005806451612903226 0.041666666666666664 0.010192525481313703 
0.008387096774193548 0.06018518518518518 0.014722536806342017 
0.00946236559139785 0.06790123456790123 0.016610041525103814 
0.00967741935483871 0.06944444444444445 0.016987542468856174 
0.00903225806451613 0.06481481481481481 0.015855039637599096 
0.00989247311827957 0.07098765432098765 0.017365043412608534 
0.00989247311827957 0.07098765432098765 0.017365043412608534 
0.00946236559139785 0.06790123456790123 0.016610041525103814 
0.00946236559139785 0.06790123456790123 0.016610041525103814 
0.00946236559139785 0.06790123456790123 0.016610041525103814 
0.01010752688172043 0.07253086419753087 0.01774254435636089 
0.01010752688172043 0.07253086419753087 0.01774254435636089 
0.010752688172043012 0.07716049382716049 0.018875047187617972 
0.01096774193548387 0.0787037037037037 0.019252548131370326 
0.010537634408602151 0.07561728395061729 0.01849754624386561 
0.010537634408602151 0.07561728395061729 0.01849754624386561 
0.01010752688172043 0.07253086419753087 0.01774254435636089 
0.010752688172043012 0.07716049382716049 0.018875047187617972 
0.010537634408602151 0.07561728395061729 0.01849754624386561 
0.011182795698924731 0.08024691358024691 0.019630049075122686 
0.01010752688172043 0.07253086419753087 0.01774254435636089 
0.010752688172043012 0.07716049382716049 0.018875047187617972 
0.00989247311827957 0.07098765432098765 0.017365043412608534 
0.01010752688172043 0.07253086419753087 0.01774254435636089 
0.010537634408602151 0.07561728395061729 0.01849754624386561 
0.01010752688172043 0.07253086419753087 0.01774254435636089 
0.01010752688172043 0.07253086419753087 0.01774254435636089 
0.00967741935483871 0.06944444444444445 0.016987542468856174 
0.00989247311827957 0.07098765432098765 0.017365043412608534 
0.00989247311827957 0.07098765432098765 0.017365043412608534 
0.011397849462365592 0.08179012345679013 0.020007550018875046 
0.010537634408602151 0.07561728395061729 0.01849754624386561 
0.00967741935483871 0.06944444444444445 0.016987542468856174 
0.010752688172043012 0.07716049382716049 0.018875047187617972 
0.01032258064516129 0.07407407407407407 0.01812004530011325 
0.010537634408602151 0.07561728395061729 0.01849754624386561 
0.01010752688172043 0.07253086419753087 0.01774254435636089 
0.01032258064516129 0.07407407407407407 0.01812004530011325 
0.00989247311827957 0.07098765432098765 0.017365043412608534 
0.00989247311827957 0.07098765432098765 0.017365043412608534 
0.01032258064516129 0.07407407407407407 0.01812004530011325 
0.01010752688172043 0.07253086419753087 0.01774254435636089 
0.010537634408602151 0.07561728395061729 0.01849754624386561 
0.011182795698924731 0.08024691358024691 0.019630049075122686 
0.01096774193548387 0.0787037037037037 0.019252548131370326 
0.00946236559139785 0.06790123456790123 0.016610041525103814 
0.00967741935483871 0.06944444444444445 0.016987542468856174 
0.010537634408602151 0.07561728395061729 0.01849754624386561 
0.01096774193548387 0.0787037037037037 0.019252548131370326 
0.010752688172043012 0.07716049382716049 0.018875047187617972 
0.01096774193548387 0.0787037037037037 0.019252548131370326 
0.00967741935483871 0.06944444444444445 0.016987542468856174 
0.009247311827956989 0.06635802469135803 0.016232540581351453 
0.010537634408602151 0.07561728395061729 0.01849754624386561 
0.01032258064516129 0.07407407407407407 0.01812004530011325 
0.00967741935483871 0.06944444444444445 0.016987542468856174 
0.01096774193548387 0.0787037037037037 0.019252548131370326 
0.00967741935483871 0.06944444444444445 0.016987542468856174 
0.010752688172043012 0.07716049382716049 0.018875047187617972 
0.01096774193548387 0.0787037037037037 0.019252548131370326 
0.010752688172043012 0.07716049382716049 0.018875047187617972 
0.01032258064516129 0.07407407407407407 0.01812004530011325 
0.010752688172043012 0.07716049382716049 0.018875047187617972 
0.011612903225806452 0.08333333333333333 0.020385050962627407 
0.011182795698924731 0.08024691358024691 0.019630049075122686 
0.011612903225806452 0.08333333333333333 0.020385050962627407 
0.011182795698924731 0.08024691358024691 0.019630049075122686 
0.011397849462365592 0.08179012345679013 0.020007550018875046 
0.011182795698924731 0.08024691358024691 0.019630049075122686 
0.010752688172043012 0.07716049382716049 0.018875047187617972 
0.01096774193548387 0.0787037037037037 0.019252548131370326 
0.010537634408602151 0.07561728395061729 0.01849754624386561 
0.01096774193548387 0.0787037037037037 0.019252548131370326 
0.010537634408602151 0.07561728395061729 0.01849754624386561 
0.011612903225806452 0.08333333333333333 0.020385050962627407 
0.011397849462365592 0.08179012345679013 0.020007550018875046 
0.011182795698924731 0.08024691358024691 0.019630049075122686 
0.010752688172043012 0.07716049382716049 0.018875047187617972 
0.01096774193548387 0.0787037037037037 0.019252548131370326 
0.01096774193548387 0.0787037037037037 0.019252548131370326 
0.01096774193548387 0.0787037037037037 0.019252548131370326 
0.010537634408602151 0.07561728395061729 0.01849754624386561 
0.011612903225806452 0.08333333333333333 0.020385050962627407 
0.010537634408602151 0.07561728395061729 0.01849754624386561 
0.011182795698924731 0.08024691358024691 0.019630049075122686 
0.011397849462365592 0.08179012345679013 0.020007550018875046 
0.010537634408602151 0.07561728395061729 0.01849754624386561 
0.01032258064516129 0.07407407407407407 0.01812004530011325 
0.010752688172043012 0.07716049382716049 0.018875047187617972 
0.01096774193548387 0.0787037037037037 0.019252548131370326 
0.011827956989247311 0.08487654320987655 0.020762551906379764 
0.010537634408602151 0.07561728395061729 0.01849754624386561 
0.01010752688172043 0.07253086419753087 0.01774254435636089 
0.01096774193548387 0.0787037037037037 0.019252548131370326 
0.010537634408602151 0.07561728395061729 0.01849754624386561 
0.01096774193548387 0.0787037037037037 0.019252548131370326 
0.01032258064516129 0.07407407407407407 0.01812004530011325 
0.010537634408602151 0.07561728395061729 0.01849754624386561 
0.00946236559139785 0.06790123456790123 0.016610041525103814 
0.01032258064516129 0.07407407407407407 0.01812004530011325 
