data_path	./formated_data/Amazon_Instant_Video.formated
deep_neurons	[10, 1]
description	mf_batchsize_100_
dimnode	40
embedding_path	./output/embedding/bitcoin_otc_sgcn.csv
epochs	100
lamb	1.0
layers	[32, 32]
learning_rate	0.001
log_path	./logs/bitcoin_otc_logs.json
mf_batchsize	100
mf_lambda	0.001
mf_learnrate	0.4
mf_lfmdim	200
model	mf
reduction_dimensions	64
reduction_iterations	30
regression_weights_path	./output/weights/bitcoin_otc_sgcn.csv
seed	42
sgcn_mf_batchsize	1024
spectral_features	False
super_mu	0.01
test_size	0.2
topk	10
weight_decay	0.01
ydivx	1
####################
0.0032258064516129032 0.023148148148148147 0.0056625141562853904 
0.0040860215053763445 0.029320987654320986 0.0071725179312948275 
0.0040860215053763445 0.029320987654320986 0.0071725179312948275 
0.005161290322580645 0.037037037037037035 0.009060022650056626 
0.005806451612903226 0.041666666666666664 0.010192525481313703 
0.004946236559139785 0.035493827160493825 0.008682521706304267 
0.004731182795698925 0.033950617283950615 0.008305020762551907 
0.004731182795698925 0.033950617283950615 0.008305020762551907 
0.005376344086021506 0.038580246913580245 0.009437523593808986 
0.004301075268817204 0.030864197530864196 0.007550018875047186 
0.004301075268817204 0.030864197530864196 0.007550018875047186 
0.005591397849462366 0.040123456790123455 0.009815024537561343 
0.004946236559139785 0.035493827160493825 0.008682521706304267 
0.006881720430107527 0.04938271604938271 0.0120800302000755 
0.007311827956989247 0.05246913580246913 0.012835032087580219 
0.006881720430107527 0.04938271604938271 0.0120800302000755 
0.007526881720430108 0.05401234567901234 0.013212533031332577 
0.007311827956989247 0.05246913580246913 0.012835032087580219 
0.008172043010752689 0.05864197530864197 0.014345035862589655 
0.008602150537634409 0.06172839506172839 0.015100037750094372 
0.00881720430107527 0.06327160493827161 0.015477538693846736 
0.009247311827956989 0.06635802469135803 0.016232540581351453 
0.01010752688172043 0.07253086419753087 0.01774254435636089 
0.010752688172043012 0.07716049382716049 0.018875047187617972 
0.01096774193548387 0.0787037037037037 0.019252548131370326 
0.011397849462365592 0.08179012345679013 0.020007550018875046 
0.011827956989247311 0.08487654320987655 0.020762551906379764 
0.011827956989247311 0.08487654320987655 0.020762551906379764 
0.012688172043010752 0.09104938271604938 0.022272555681389205 
0.013548387096774193 0.09722222222222222 0.023782559456398643 
0.013333333333333334 0.09567901234567901 0.023405058512646282 
0.013118279569892474 0.0941358024691358 0.023027557568893922 
0.013333333333333334 0.09567901234567901 0.023405058512646282 
0.013763440860215054 0.09876543209876543 0.024160060400151 
0.013978494623655914 0.10030864197530864 0.02453756134390336 
0.013333333333333334 0.09567901234567901 0.023405058512646282 
0.014193548387096775 0.10185185185185185 0.02491506228765572 
0.014838709677419355 0.10648148148148148 0.026047565118912798 
0.014408602150537634 0.10339506172839506 0.025292563231408077 
0.015053763440860216 0.10802469135802469 0.026425066062665155 
0.014838709677419355 0.10648148148148148 0.026047565118912798 
0.014623655913978495 0.10493827160493827 0.025670064175160438 
0.014408602150537634 0.10339506172839506 0.025292563231408077 
0.015268817204301075 0.1095679012345679 0.026802567006417515 
0.015268817204301075 0.1095679012345679 0.026802567006417515 
0.014623655913978495 0.10493827160493827 0.025670064175160438 
0.014838709677419355 0.10648148148148148 0.026047565118912798 
0.014408602150537634 0.10339506172839506 0.025292563231408077 
0.014408602150537634 0.10339506172839506 0.025292563231408077 
0.014623655913978495 0.10493827160493827 0.025670064175160438 
0.014838709677419355 0.10648148148148148 0.026047565118912798 
0.013763440860215054 0.09876543209876543 0.024160060400151 
0.013763440860215054 0.09876543209876543 0.024160060400151 
0.014193548387096775 0.10185185185185185 0.02491506228765572 
0.013548387096774193 0.09722222222222222 0.023782559456398643 
0.013333333333333334 0.09567901234567901 0.023405058512646282 
0.013548387096774193 0.09722222222222222 0.023782559456398643 
0.013978494623655914 0.10030864197530864 0.02453756134390336 
0.014623655913978495 0.10493827160493827 0.025670064175160438 
0.014838709677419355 0.10648148148148148 0.026047565118912798 
0.014408602150537634 0.10339506172839506 0.025292563231408077 
0.013978494623655914 0.10030864197530864 0.02453756134390336 
0.014193548387096775 0.10185185185185185 0.02491506228765572 
0.013978494623655914 0.10030864197530864 0.02453756134390336 
0.015053763440860216 0.10802469135802469 0.026425066062665155 
0.014838709677419355 0.10648148148148148 0.026047565118912798 
0.015053763440860216 0.10802469135802469 0.026425066062665155 
0.014408602150537634 0.10339506172839506 0.025292563231408077 
0.014193548387096775 0.10185185185185185 0.02491506228765572 
0.014623655913978495 0.10493827160493827 0.025670064175160438 
0.013118279569892474 0.0941358024691358 0.023027557568893922 
0.013548387096774193 0.09722222222222222 0.023782559456398643 
0.013548387096774193 0.09722222222222222 0.023782559456398643 
0.013333333333333334 0.09567901234567901 0.023405058512646282 
0.014193548387096775 0.10185185185185185 0.02491506228765572 
0.014408602150537634 0.10339506172839506 0.025292563231408077 
0.013763440860215054 0.09876543209876543 0.024160060400151 
0.014193548387096775 0.10185185185185185 0.02491506228765572 
0.014408602150537634 0.10339506172839506 0.025292563231408077 
0.013763440860215054 0.09876543209876543 0.024160060400151 
0.013763440860215054 0.09876543209876543 0.024160060400151 
0.013978494623655914 0.10030864197530864 0.02453756134390336 
0.013763440860215054 0.09876543209876543 0.024160060400151 
0.013548387096774193 0.09722222222222222 0.023782559456398643 
0.014193548387096775 0.10185185185185185 0.02491506228765572 
0.013978494623655914 0.10030864197530864 0.02453756134390336 
0.014193548387096775 0.10185185185185185 0.02491506228765572 
0.013978494623655914 0.10030864197530864 0.02453756134390336 
0.014193548387096775 0.10185185185185185 0.02491506228765572 
0.014408602150537634 0.10339506172839506 0.025292563231408077 
0.014408602150537634 0.10339506172839506 0.025292563231408077 
0.014193548387096775 0.10185185185185185 0.02491506228765572 
0.014193548387096775 0.10185185185185185 0.02491506228765572 
0.014623655913978495 0.10493827160493827 0.025670064175160438 
0.014193548387096775 0.10185185185185185 0.02491506228765572 
0.013978494623655914 0.10030864197530864 0.02453756134390336 
0.014408602150537634 0.10339506172839506 0.025292563231408077 
0.014408602150537634 0.10339506172839506 0.025292563231408077 
0.014193548387096775 0.10185185185185185 0.02491506228765572 
0.014193548387096775 0.10185185185185185 0.02491506228765572 
