data_path	./formated_data/Amazon_Instant_Video.formated
deep_neurons	[10, 1]
description	mf_batchsize_4_
dimnode	40
embedding_path	./output/embedding/bitcoin_otc_sgcn.csv
epochs	100
lamb	1.0
layers	[32, 32]
learning_rate	0.001
log_path	./logs/bitcoin_otc_logs.json
mf_batchsize	4
mf_lambda	0.001
mf_learnrate	0.4
mf_lfmdim	200
model	mf
reduction_dimensions	64
reduction_iterations	30
regression_weights_path	./output/weights/bitcoin_otc_sgcn.csv
seed	42
sgcn_mf_batchsize	1024
spectral_features	False
super_mu	0.01
test_size	0.2
topk	10
weight_decay	0.01
ydivx	1
####################
0.00946236559139785 0.06790123456790123 0.016610041525103814 
0.007956989247311828 0.05709876543209876 0.013967534918837298 
0.008387096774193548 0.06018518518518518 0.014722536806342017 
0.008172043010752689 0.05864197530864197 0.014345035862589655 
0.007956989247311828 0.05709876543209876 0.013967534918837298 
0.008172043010752689 0.05864197530864197 0.014345035862589655 
0.007741935483870968 0.05555555555555555 0.01359003397508494 
0.008172043010752689 0.05864197530864197 0.014345035862589655 
0.007741935483870968 0.05555555555555555 0.01359003397508494 
0.007526881720430108 0.05401234567901234 0.013212533031332577 
0.007741935483870968 0.05555555555555555 0.01359003397508494 
0.007956989247311828 0.05709876543209876 0.013967534918837298 
0.007956989247311828 0.05709876543209876 0.013967534918837298 
0.007956989247311828 0.05709876543209876 0.013967534918837298 
0.008172043010752689 0.05864197530864197 0.014345035862589655 
0.008172043010752689 0.05864197530864197 0.014345035862589655 
0.007741935483870968 0.05555555555555555 0.01359003397508494 
0.007311827956989247 0.05246913580246913 0.012835032087580219 
0.007311827956989247 0.05246913580246913 0.012835032087580219 
0.006666666666666667 0.047839506172839504 0.011702529256323141 
0.006881720430107527 0.04938271604938271 0.0120800302000755 
0.008387096774193548 0.06018518518518518 0.014722536806342017 
0.007741935483870968 0.05555555555555555 0.01359003397508494 
0.006236559139784947 0.044753086419753084 0.010947527368818424 
0.007526881720430108 0.05401234567901234 0.013212533031332577 
0.006881720430107527 0.04938271604938271 0.0120800302000755 
0.006666666666666667 0.047839506172839504 0.011702529256323141 
0.0070967741935483875 0.05092592592592592 0.01245753114382786 
0.0070967741935483875 0.05092592592592592 0.01245753114382786 
0.006236559139784947 0.044753086419753084 0.010947527368818424 
0.006666666666666667 0.047839506172839504 0.011702529256323141 
0.007741935483870968 0.05555555555555555 0.01359003397508494 
0.0064516129032258064 0.046296296296296294 0.011325028312570781 
0.005806451612903226 0.041666666666666664 0.010192525481313703 
0.0064516129032258064 0.046296296296296294 0.011325028312570781 
0.006666666666666667 0.047839506172839504 0.011702529256323141 
0.0064516129032258064 0.046296296296296294 0.011325028312570781 
0.006881720430107527 0.04938271604938271 0.0120800302000755 
0.006666666666666667 0.047839506172839504 0.011702529256323141 
0.007311827956989247 0.05246913580246913 0.012835032087580219 
0.006881720430107527 0.04938271604938271 0.0120800302000755 
0.007311827956989247 0.05246913580246913 0.012835032087580219 
0.007311827956989247 0.05246913580246913 0.012835032087580219 
0.006236559139784947 0.044753086419753084 0.010947527368818424 
0.006666666666666667 0.047839506172839504 0.011702529256323141 
0.007741935483870968 0.05555555555555555 0.01359003397508494 
0.007526881720430108 0.05401234567901234 0.013212533031332577 
0.006666666666666667 0.047839506172839504 0.011702529256323141 
0.0070967741935483875 0.05092592592592592 0.01245753114382786 
0.0070967741935483875 0.05092592592592592 0.01245753114382786 
0.0070967741935483875 0.05092592592592592 0.01245753114382786 
0.006881720430107527 0.04938271604938271 0.0120800302000755 
0.006881720430107527 0.04938271604938271 0.0120800302000755 
0.0064516129032258064 0.046296296296296294 0.011325028312570781 
0.006666666666666667 0.047839506172839504 0.011702529256323141 
0.0064516129032258064 0.046296296296296294 0.011325028312570781 
0.007311827956989247 0.05246913580246913 0.012835032087580219 
0.0070967741935483875 0.05092592592592592 0.01245753114382786 
0.006236559139784947 0.044753086419753084 0.010947527368818424 
0.0064516129032258064 0.046296296296296294 0.011325028312570781 
0.006881720430107527 0.04938271604938271 0.0120800302000755 
0.006666666666666667 0.047839506172839504 0.011702529256323141 
0.006236559139784947 0.044753086419753084 0.010947527368818424 
0.006881720430107527 0.04938271604938271 0.0120800302000755 
0.007311827956989247 0.05246913580246913 0.012835032087580219 
0.007311827956989247 0.05246913580246913 0.012835032087580219 
0.006881720430107527 0.04938271604938271 0.0120800302000755 
0.0064516129032258064 0.046296296296296294 0.011325028312570781 
0.007311827956989247 0.05246913580246913 0.012835032087580219 
0.007526881720430108 0.05401234567901234 0.013212533031332577 
0.006666666666666667 0.047839506172839504 0.011702529256323141 
0.0070967741935483875 0.05092592592592592 0.01245753114382786 
0.007311827956989247 0.05246913580246913 0.012835032087580219 
0.006881720430107527 0.04938271604938271 0.0120800302000755 
0.006881720430107527 0.04938271604938271 0.0120800302000755 
0.006881720430107527 0.04938271604938271 0.0120800302000755 
0.006666666666666667 0.047839506172839504 0.011702529256323141 
0.0070967741935483875 0.05092592592592592 0.01245753114382786 
0.007956989247311828 0.05709876543209876 0.013967534918837298 
0.006881720430107527 0.04938271604938271 0.0120800302000755 
0.006666666666666667 0.047839506172839504 0.011702529256323141 
0.006021505376344086 0.043209876543209874 0.010570026425066064 
0.006881720430107527 0.04938271604938271 0.0120800302000755 
0.006666666666666667 0.047839506172839504 0.011702529256323141 
0.008172043010752689 0.05864197530864197 0.014345035862589655 
0.007311827956989247 0.05246913580246913 0.012835032087580219 
0.006666666666666667 0.047839506172839504 0.011702529256323141 
0.0070967741935483875 0.05092592592592592 0.01245753114382786 
0.0070967741935483875 0.05092592592592592 0.01245753114382786 
0.006881720430107527 0.04938271604938271 0.0120800302000755 
0.006666666666666667 0.047839506172839504 0.011702529256323141 
0.006881720430107527 0.04938271604938271 0.0120800302000755 
0.0064516129032258064 0.046296296296296294 0.011325028312570781 
0.007741935483870968 0.05555555555555555 0.01359003397508494 
0.006881720430107527 0.04938271604938271 0.0120800302000755 
0.006666666666666667 0.047839506172839504 0.011702529256323141 
0.0064516129032258064 0.046296296296296294 0.011325028312570781 
0.0070967741935483875 0.05092592592592592 0.01245753114382786 
0.007311827956989247 0.05246913580246913 0.012835032087580219 
0.006666666666666667 0.047839506172839504 0.011702529256323141 
