data_path	./formated_data/Amazon_Instant_Video.formated
deep_neurons	[10, 1]
description	mf_batchsize_24_
dimnode	40
embedding_path	./output/embedding/bitcoin_otc_sgcn.csv
epochs	100
lamb	1.0
layers	[32, 32]
learning_rate	0.001
log_path	./logs/bitcoin_otc_logs.json
mf_batchsize	24
mf_lambda	0.001
mf_learnrate	0.4
mf_lfmdim	200
model	mf
reduction_dimensions	64
reduction_iterations	30
regression_weights_path	./output/weights/bitcoin_otc_sgcn.csv
seed	42
sgcn_mf_batchsize	1024
spectral_features	False
super_mu	0.01
test_size	0.2
topk	10
weight_decay	0.01
ydivx	1
####################
0.005806451612903226 0.041666666666666664 0.010192525481313703 
0.005591397849462366 0.040123456790123455 0.009815024537561343 
0.005376344086021506 0.038580246913580245 0.009437523593808986 
0.004301075268817204 0.030864197530864196 0.007550018875047186 
0.005806451612903226 0.041666666666666664 0.010192525481313703 
0.0070967741935483875 0.05092592592592592 0.01245753114382786 
0.008172043010752689 0.05864197530864197 0.014345035862589655 
0.010752688172043012 0.07716049382716049 0.018875047187617972 
0.01032258064516129 0.07407407407407407 0.01812004530011325 
0.010752688172043012 0.07716049382716049 0.018875047187617972 
0.011827956989247311 0.08487654320987655 0.020762551906379764 
0.010752688172043012 0.07716049382716049 0.018875047187617972 
0.010752688172043012 0.07716049382716049 0.018875047187617972 
0.011397849462365592 0.08179012345679013 0.020007550018875046 
0.010752688172043012 0.07716049382716049 0.018875047187617972 
0.011827956989247311 0.08487654320987655 0.020762551906379764 
0.013333333333333334 0.09567901234567901 0.023405058512646282 
0.012688172043010752 0.09104938271604938 0.022272555681389205 
0.012688172043010752 0.09104938271604938 0.022272555681389205 
0.014623655913978495 0.10493827160493827 0.025670064175160438 
0.014838709677419355 0.10648148148148148 0.026047565118912798 
0.014193548387096775 0.10185185185185185 0.02491506228765572 
0.014838709677419355 0.10648148148148148 0.026047565118912798 
0.015698924731182794 0.11265432098765432 0.027557568893922236 
0.014623655913978495 0.10493827160493827 0.025670064175160438 
0.015053763440860216 0.10802469135802469 0.026425066062665155 
0.014623655913978495 0.10493827160493827 0.025670064175160438 
0.013978494623655914 0.10030864197530864 0.02453756134390336 
0.013763440860215054 0.09876543209876543 0.024160060400151 
0.014838709677419355 0.10648148148148148 0.026047565118912798 
0.013763440860215054 0.09876543209876543 0.024160060400151 
0.014408602150537634 0.10339506172839506 0.025292563231408077 
0.015268817204301075 0.1095679012345679 0.026802567006417515 
0.014408602150537634 0.10339506172839506 0.025292563231408077 
0.015053763440860216 0.10802469135802469 0.026425066062665155 
0.014838709677419355 0.10648148148148148 0.026047565118912798 
0.015913978494623657 0.11419753086419752 0.027935069837674596 
0.015053763440860216 0.10802469135802469 0.026425066062665155 
0.016129032258064516 0.11574074074074074 0.028312570781426953 
0.016344086021505378 0.11728395061728394 0.02869007172517931 
0.015913978494623657 0.11419753086419752 0.027935069837674596 
0.016559139784946237 0.11882716049382716 0.029067572668931667 
0.015483870967741935 0.1111111111111111 0.02718006795016988 
0.014408602150537634 0.10339506172839506 0.025292563231408077 
0.014193548387096775 0.10185185185185185 0.02491506228765572 
0.014408602150537634 0.10339506172839506 0.025292563231408077 
0.014838709677419355 0.10648148148148148 0.026047565118912798 
0.015268817204301075 0.1095679012345679 0.026802567006417515 
0.015483870967741935 0.1111111111111111 0.02718006795016988 
0.015053763440860216 0.10802469135802469 0.026425066062665155 
0.014623655913978495 0.10493827160493827 0.025670064175160438 
0.015053763440860216 0.10802469135802469 0.026425066062665155 
0.013333333333333334 0.09567901234567901 0.023405058512646282 
0.015268817204301075 0.1095679012345679 0.026802567006417515 
0.015483870967741935 0.1111111111111111 0.02718006795016988 
0.016129032258064516 0.11574074074074074 0.028312570781426953 
0.014838709677419355 0.10648148148148148 0.026047565118912798 
0.015053763440860216 0.10802469135802469 0.026425066062665155 
0.015913978494623657 0.11419753086419752 0.027935069837674596 
0.016344086021505378 0.11728395061728394 0.02869007172517931 
0.017204301075268817 0.12345679012345678 0.030200075500188744 
0.017204301075268817 0.12345679012345678 0.030200075500188744 
0.01698924731182796 0.12191358024691358 0.029822574556436398 
0.016129032258064516 0.11574074074074074 0.028312570781426953 
0.017204301075268817 0.12345679012345678 0.030200075500188744 
0.016344086021505378 0.11728395061728394 0.02869007172517931 
0.014838709677419355 0.10648148148148148 0.026047565118912798 
0.015268817204301075 0.1095679012345679 0.026802567006417515 
0.015053763440860216 0.10802469135802469 0.026425066062665155 
0.014838709677419355 0.10648148148148148 0.026047565118912798 
0.016774193548387096 0.12037037037037036 0.029445073612684034 
0.014838709677419355 0.10648148148148148 0.026047565118912798 
0.014193548387096775 0.10185185185185185 0.02491506228765572 
0.014623655913978495 0.10493827160493827 0.025670064175160438 
0.015483870967741935 0.1111111111111111 0.02718006795016988 
0.015053763440860216 0.10802469135802469 0.026425066062665155 
0.016344086021505378 0.11728395061728394 0.02869007172517931 
0.016559139784946237 0.11882716049382716 0.029067572668931667 
0.015698924731182794 0.11265432098765432 0.027557568893922236 
0.014623655913978495 0.10493827160493827 0.025670064175160438 
0.014838709677419355 0.10648148148148148 0.026047565118912798 
0.015913978494623657 0.11419753086419752 0.027935069837674596 
0.015913978494623657 0.11419753086419752 0.027935069837674596 
0.016129032258064516 0.11574074074074074 0.028312570781426953 
0.015483870967741935 0.1111111111111111 0.02718006795016988 
0.016344086021505378 0.11728395061728394 0.02869007172517931 
0.015698924731182794 0.11265432098765432 0.027557568893922236 
0.015483870967741935 0.1111111111111111 0.02718006795016988 
0.014193548387096775 0.10185185185185185 0.02491506228765572 
0.015913978494623657 0.11419753086419752 0.027935069837674596 
0.016559139784946237 0.11882716049382716 0.029067572668931667 
0.015698924731182794 0.11265432098765432 0.027557568893922236 
0.01698924731182796 0.12191358024691358 0.029822574556436398 
0.016344086021505378 0.11728395061728394 0.02869007172517931 
0.014408602150537634 0.10339506172839506 0.025292563231408077 
0.014408602150537634 0.10339506172839506 0.025292563231408077 
0.015483870967741935 0.1111111111111111 0.02718006795016988 
0.015483870967741935 0.1111111111111111 0.02718006795016988 
0.015053763440860216 0.10802469135802469 0.026425066062665155 
0.015913978494623657 0.11419753086419752 0.027935069837674596 
