data_path	./formated_data/Amazon_Instant_Video.formated
deep_neurons	[10, 1]
description	mf_batchsize_40_
dimnode	40
embedding_path	./output/embedding/bitcoin_otc_sgcn.csv
epochs	100
lamb	1.0
layers	[32, 32]
learning_rate	0.001
log_path	./logs/bitcoin_otc_logs.json
mf_batchsize	40
mf_lambda	0.001
mf_learnrate	0.4
mf_lfmdim	200
model	mf
reduction_dimensions	64
reduction_iterations	30
regression_weights_path	./output/weights/bitcoin_otc_sgcn.csv
seed	42
sgcn_mf_batchsize	1024
spectral_features	False
super_mu	0.01
test_size	0.2
topk	10
weight_decay	0.01
ydivx	1
####################
0.006021505376344086 0.043209876543209874 0.010570026425066064 
0.003010752688172043 0.021604938271604937 0.005285013212533032 
0.004301075268817204 0.030864197530864196 0.007550018875047186 
0.005591397849462366 0.040123456790123455 0.009815024537561343 
0.007526881720430108 0.05401234567901234 0.013212533031332577 
0.006881720430107527 0.04938271604938271 0.0120800302000755 
0.007741935483870968 0.05555555555555555 0.01359003397508494 
0.007741935483870968 0.05555555555555555 0.01359003397508494 
0.00903225806451613 0.06481481481481481 0.015855039637599096 
0.009247311827956989 0.06635802469135803 0.016232540581351453 
0.008387096774193548 0.06018518518518518 0.014722536806342017 
0.01010752688172043 0.07253086419753087 0.01774254435636089 
0.00881720430107527 0.06327160493827161 0.015477538693846736 
0.00946236559139785 0.06790123456790123 0.016610041525103814 
0.01096774193548387 0.0787037037037037 0.019252548131370326 
0.012258064516129033 0.08796296296296297 0.021517553793884484 
0.011827956989247311 0.08487654320987655 0.020762551906379764 
0.012258064516129033 0.08796296296296297 0.021517553793884484 
0.011612903225806452 0.08333333333333333 0.020385050962627407 
0.012903225806451613 0.09259259259259259 0.022650056625141562 
0.012688172043010752 0.09104938271604938 0.022272555681389205 
0.012903225806451613 0.09259259259259259 0.022650056625141562 
0.013333333333333334 0.09567901234567901 0.023405058512646282 
0.015053763440860216 0.10802469135802469 0.026425066062665155 
0.013548387096774193 0.09722222222222222 0.023782559456398643 
0.012688172043010752 0.09104938271604938 0.022272555681389205 
0.013978494623655914 0.10030864197530864 0.02453756134390336 
0.015053763440860216 0.10802469135802469 0.026425066062665155 
0.013978494623655914 0.10030864197530864 0.02453756134390336 
0.013548387096774193 0.09722222222222222 0.023782559456398643 
0.014408602150537634 0.10339506172839506 0.025292563231408077 
0.015483870967741935 0.1111111111111111 0.02718006795016988 
0.014193548387096775 0.10185185185185185 0.02491506228765572 
0.014838709677419355 0.10648148148148148 0.026047565118912798 
0.015913978494623657 0.11419753086419752 0.027935069837674596 
0.015268817204301075 0.1095679012345679 0.026802567006417515 
0.015483870967741935 0.1111111111111111 0.02718006795016988 
0.015698924731182794 0.11265432098765432 0.027557568893922236 
0.015483870967741935 0.1111111111111111 0.02718006795016988 
0.016129032258064516 0.11574074074074074 0.028312570781426953 
0.015483870967741935 0.1111111111111111 0.02718006795016988 
0.015483870967741935 0.1111111111111111 0.02718006795016988 
0.016559139784946237 0.11882716049382716 0.029067572668931667 
0.015268817204301075 0.1095679012345679 0.026802567006417515 
0.014623655913978495 0.10493827160493827 0.025670064175160438 
0.016129032258064516 0.11574074074074074 0.028312570781426953 
0.015483870967741935 0.1111111111111111 0.02718006795016988 
0.016129032258064516 0.11574074074074074 0.028312570781426953 
0.015698924731182794 0.11265432098765432 0.027557568893922236 
0.016559139784946237 0.11882716049382716 0.029067572668931667 
0.015268817204301075 0.1095679012345679 0.026802567006417515 
0.016344086021505378 0.11728395061728394 0.02869007172517931 
0.015698924731182794 0.11265432098765432 0.027557568893922236 
0.015913978494623657 0.11419753086419752 0.027935069837674596 
0.015268817204301075 0.1095679012345679 0.026802567006417515 
0.017419354838709676 0.125 0.030577576443941105 
0.015698924731182794 0.11265432098765432 0.027557568893922236 
0.016129032258064516 0.11574074074074074 0.028312570781426953 
0.01698924731182796 0.12191358024691358 0.029822574556436398 
0.017204301075268817 0.12345679012345678 0.030200075500188744 
0.016774193548387096 0.12037037037037036 0.029445073612684034 
0.016559139784946237 0.11882716049382716 0.029067572668931667 
0.017419354838709676 0.125 0.030577576443941105 
0.017419354838709676 0.125 0.030577576443941105 
0.016129032258064516 0.11574074074074074 0.028312570781426953 
0.01698924731182796 0.12191358024691358 0.029822574556436398 
0.015913978494623657 0.11419753086419752 0.027935069837674596 
0.016344086021505378 0.11728395061728394 0.02869007172517931 
0.016129032258064516 0.11574074074074074 0.028312570781426953 
0.017204301075268817 0.12345679012345678 0.030200075500188744 
0.015698924731182794 0.11265432098765432 0.027557568893922236 
0.016129032258064516 0.11574074074074074 0.028312570781426953 
0.016774193548387096 0.12037037037037036 0.029445073612684034 
0.016129032258064516 0.11574074074074074 0.028312570781426953 
0.015268817204301075 0.1095679012345679 0.026802567006417515 
0.015483870967741935 0.1111111111111111 0.02718006795016988 
0.015483870967741935 0.1111111111111111 0.02718006795016988 
0.016129032258064516 0.11574074074074074 0.028312570781426953 
0.015053763440860216 0.10802469135802469 0.026425066062665155 
0.016559139784946237 0.11882716049382716 0.029067572668931667 
0.017204301075268817 0.12345679012345678 0.030200075500188744 
0.015913978494623657 0.11419753086419752 0.027935069837674596 
0.015913978494623657 0.11419753086419752 0.027935069837674596 
0.016559139784946237 0.11882716049382716 0.029067572668931667 
0.016344086021505378 0.11728395061728394 0.02869007172517931 
0.016774193548387096 0.12037037037037036 0.029445073612684034 
0.016774193548387096 0.12037037037037036 0.029445073612684034 
0.015913978494623657 0.11419753086419752 0.027935069837674596 
0.015483870967741935 0.1111111111111111 0.02718006795016988 
0.015698924731182794 0.11265432098765432 0.027557568893922236 
0.015913978494623657 0.11419753086419752 0.027935069837674596 
0.016774193548387096 0.12037037037037036 0.029445073612684034 
0.015698924731182794 0.11265432098765432 0.027557568893922236 
0.015698924731182794 0.11265432098765432 0.027557568893922236 
0.016129032258064516 0.11574074074074074 0.028312570781426953 
0.016559139784946237 0.11882716049382716 0.029067572668931667 
0.016774193548387096 0.12037037037037036 0.029445073612684034 
0.015268817204301075 0.1095679012345679 0.026802567006417515 
0.01698924731182796 0.12191358024691358 0.029822574556436398 
0.017419354838709676 0.125 0.030577576443941105 
