data_path	./formated_data/Amazon_Instant_Video.formated
deep_neurons	[10, 1]
description	mf_batchsize_16_
dimnode	40
embedding_path	./output/embedding/bitcoin_otc_sgcn.csv
epochs	100
lamb	1.0
layers	[32, 32]
learning_rate	0.001
log_path	./logs/bitcoin_otc_logs.json
mf_batchsize	16
mf_lambda	0.001
mf_learnrate	0.4
mf_lfmdim	200
model	mf
reduction_dimensions	64
reduction_iterations	30
regression_weights_path	./output/weights/bitcoin_otc_sgcn.csv
seed	42
sgcn_mf_batchsize	1024
spectral_features	False
super_mu	0.01
test_size	0.2
topk	10
weight_decay	0.01
ydivx	1
####################
0.0036559139784946237 0.026234567901234566 0.006417516043790109 
0.005806451612903226 0.041666666666666664 0.010192525481313703 
0.004731182795698925 0.033950617283950615 0.008305020762551907 
0.008172043010752689 0.05864197530864197 0.014345035862589655 
0.008387096774193548 0.06018518518518518 0.014722536806342017 
0.00903225806451613 0.06481481481481481 0.015855039637599096 
0.01010752688172043 0.07253086419753087 0.01774254435636089 
0.00989247311827957 0.07098765432098765 0.017365043412608534 
0.010537634408602151 0.07561728395061729 0.01849754624386561 
0.00946236559139785 0.06790123456790123 0.016610041525103814 
0.01032258064516129 0.07407407407407407 0.01812004530011325 
0.010537634408602151 0.07561728395061729 0.01849754624386561 
0.01010752688172043 0.07253086419753087 0.01774254435636089 
0.011612903225806452 0.08333333333333333 0.020385050962627407 
0.011397849462365592 0.08179012345679013 0.020007550018875046 
0.011397849462365592 0.08179012345679013 0.020007550018875046 
0.011397849462365592 0.08179012345679013 0.020007550018875046 
0.011182795698924731 0.08024691358024691 0.019630049075122686 
0.011827956989247311 0.08487654320987655 0.020762551906379764 
0.011612903225806452 0.08333333333333333 0.020385050962627407 
0.013118279569892474 0.0941358024691358 0.023027557568893922 
0.014408602150537634 0.10339506172839506 0.025292563231408077 
0.012688172043010752 0.09104938271604938 0.022272555681389205 
0.012903225806451613 0.09259259259259259 0.022650056625141562 
0.014408602150537634 0.10339506172839506 0.025292563231408077 
0.014408602150537634 0.10339506172839506 0.025292563231408077 
0.014193548387096775 0.10185185185185185 0.02491506228765572 
0.013548387096774193 0.09722222222222222 0.023782559456398643 
0.013548387096774193 0.09722222222222222 0.023782559456398643 
0.013118279569892474 0.0941358024691358 0.023027557568893922 
0.014193548387096775 0.10185185185185185 0.02491506228765572 
0.014193548387096775 0.10185185185185185 0.02491506228765572 
0.013548387096774193 0.09722222222222222 0.023782559456398643 
0.015053763440860216 0.10802469135802469 0.026425066062665155 
0.015483870967741935 0.1111111111111111 0.02718006795016988 
0.014838709677419355 0.10648148148148148 0.026047565118912798 
0.014408602150537634 0.10339506172839506 0.025292563231408077 
0.014623655913978495 0.10493827160493827 0.025670064175160438 
0.015268817204301075 0.1095679012345679 0.026802567006417515 
0.015913978494623657 0.11419753086419752 0.027935069837674596 
0.014408602150537634 0.10339506172839506 0.025292563231408077 
0.014193548387096775 0.10185185185185185 0.02491506228765572 
0.014838709677419355 0.10648148148148148 0.026047565118912798 
0.015698924731182794 0.11265432098765432 0.027557568893922236 
0.016129032258064516 0.11574074074074074 0.028312570781426953 
0.015268817204301075 0.1095679012345679 0.026802567006417515 
0.014623655913978495 0.10493827160493827 0.025670064175160438 
0.014623655913978495 0.10493827160493827 0.025670064175160438 
0.014408602150537634 0.10339506172839506 0.025292563231408077 
0.015268817204301075 0.1095679012345679 0.026802567006417515 
0.014623655913978495 0.10493827160493827 0.025670064175160438 
0.014408602150537634 0.10339506172839506 0.025292563231408077 
0.014623655913978495 0.10493827160493827 0.025670064175160438 
0.014193548387096775 0.10185185185185185 0.02491506228765572 
0.014408602150537634 0.10339506172839506 0.025292563231408077 
0.016344086021505378 0.11728395061728394 0.02869007172517931 
0.016129032258064516 0.11574074074074074 0.028312570781426953 
0.014193548387096775 0.10185185185185185 0.02491506228765572 
0.015698924731182794 0.11265432098765432 0.027557568893922236 
0.015053763440860216 0.10802469135802469 0.026425066062665155 
0.014408602150537634 0.10339506172839506 0.025292563231408077 
0.014838709677419355 0.10648148148148148 0.026047565118912798 
0.015483870967741935 0.1111111111111111 0.02718006795016988 
0.014623655913978495 0.10493827160493827 0.025670064175160438 
0.014838709677419355 0.10648148148148148 0.026047565118912798 
0.013978494623655914 0.10030864197530864 0.02453756134390336 
0.013978494623655914 0.10030864197530864 0.02453756134390336 
0.015483870967741935 0.1111111111111111 0.02718006795016988 
0.014838709677419355 0.10648148148148148 0.026047565118912798 
0.014408602150537634 0.10339506172839506 0.025292563231408077 
0.015483870967741935 0.1111111111111111 0.02718006795016988 
0.014838709677419355 0.10648148148148148 0.026047565118912798 
0.015053763440860216 0.10802469135802469 0.026425066062665155 
0.014408602150537634 0.10339506172839506 0.025292563231408077 
0.014623655913978495 0.10493827160493827 0.025670064175160438 
0.014838709677419355 0.10648148148148148 0.026047565118912798 
0.015268817204301075 0.1095679012345679 0.026802567006417515 
0.014408602150537634 0.10339506172839506 0.025292563231408077 
0.014623655913978495 0.10493827160493827 0.025670064175160438 
0.015913978494623657 0.11419753086419752 0.027935069837674596 
0.014623655913978495 0.10493827160493827 0.025670064175160438 
0.013763440860215054 0.09876543209876543 0.024160060400151 
0.014193548387096775 0.10185185185185185 0.02491506228765572 
0.015268817204301075 0.1095679012345679 0.026802567006417515 
0.015053763440860216 0.10802469135802469 0.026425066062665155 
0.015483870967741935 0.1111111111111111 0.02718006795016988 
0.015483870967741935 0.1111111111111111 0.02718006795016988 
0.015053763440860216 0.10802469135802469 0.026425066062665155 
0.014193548387096775 0.10185185185185185 0.02491506228765572 
0.015268817204301075 0.1095679012345679 0.026802567006417515 
0.013978494623655914 0.10030864197530864 0.02453756134390336 
0.013763440860215054 0.09876543209876543 0.024160060400151 
0.013763440860215054 0.09876543209876543 0.024160060400151 
0.015053763440860216 0.10802469135802469 0.026425066062665155 
0.015913978494623657 0.11419753086419752 0.027935069837674596 
0.013978494623655914 0.10030864197530864 0.02453756134390336 
0.015913978494623657 0.11419753086419752 0.027935069837674596 
0.015053763440860216 0.10802469135802469 0.026425066062665155 
0.014408602150537634 0.10339506172839506 0.025292563231408077 
0.015268817204301075 0.1095679012345679 0.026802567006417515 
