data_path	./formated_data/Amazon_Instant_Video.formated
deep_neurons	[10, 1]
description	mf_batchsize_150_
dimnode	40
embedding_path	./output/embedding/bitcoin_otc_sgcn.csv
epochs	100
lamb	1.0
layers	[32, 32]
learning_rate	0.001
log_path	./logs/bitcoin_otc_logs.json
mf_batchsize	150
mf_lambda	0.001
mf_learnrate	0.4
mf_lfmdim	200
model	mf
reduction_dimensions	64
reduction_iterations	30
regression_weights_path	./output/weights/bitcoin_otc_sgcn.csv
seed	42
sgcn_mf_batchsize	1024
spectral_features	False
super_mu	0.01
test_size	0.2
topk	10
weight_decay	0.01
ydivx	1
####################
0.003870967741935484 0.027777777777777776 0.00679501698754247 
0.003010752688172043 0.021604938271604937 0.005285013212533032 
0.006021505376344086 0.043209876543209874 0.010570026425066064 
0.003870967741935484 0.027777777777777776 0.00679501698754247 
0.0040860215053763445 0.029320987654320986 0.0071725179312948275 
0.004301075268817204 0.030864197530864196 0.007550018875047186 
0.004516129032258065 0.032407407407407406 0.007927519818799548 
0.005161290322580645 0.037037037037037035 0.009060022650056626 
0.004301075268817204 0.030864197530864196 0.007550018875047186 
0.006021505376344086 0.043209876543209874 0.010570026425066064 
0.005376344086021506 0.038580246913580245 0.009437523593808986 
0.005161290322580645 0.037037037037037035 0.009060022650056626 
0.007311827956989247 0.05246913580246913 0.012835032087580219 
0.0064516129032258064 0.046296296296296294 0.011325028312570781 
0.0064516129032258064 0.046296296296296294 0.011325028312570781 
0.005591397849462366 0.040123456790123455 0.009815024537561343 
0.0064516129032258064 0.046296296296296294 0.011325028312570781 
0.006236559139784947 0.044753086419753084 0.010947527368818424 
0.005806451612903226 0.041666666666666664 0.010192525481313703 
0.0064516129032258064 0.046296296296296294 0.011325028312570781 
0.0064516129032258064 0.046296296296296294 0.011325028312570781 
0.007526881720430108 0.05401234567901234 0.013212533031332577 
0.007311827956989247 0.05246913580246913 0.012835032087580219 
0.0070967741935483875 0.05092592592592592 0.01245753114382786 
0.007311827956989247 0.05246913580246913 0.012835032087580219 
0.008172043010752689 0.05864197530864197 0.014345035862589655 
0.008602150537634409 0.06172839506172839 0.015100037750094372 
0.008602150537634409 0.06172839506172839 0.015100037750094372 
0.008172043010752689 0.05864197530864197 0.014345035862589655 
0.00903225806451613 0.06481481481481481 0.015855039637599096 
0.009247311827956989 0.06635802469135803 0.016232540581351453 
0.00946236559139785 0.06790123456790123 0.016610041525103814 
0.00967741935483871 0.06944444444444445 0.016987542468856174 
0.01010752688172043 0.07253086419753087 0.01774254435636089 
0.01010752688172043 0.07253086419753087 0.01774254435636089 
0.01032258064516129 0.07407407407407407 0.01812004530011325 
0.010752688172043012 0.07716049382716049 0.018875047187617972 
0.010752688172043012 0.07716049382716049 0.018875047187617972 
0.011612903225806452 0.08333333333333333 0.020385050962627407 
0.011397849462365592 0.08179012345679013 0.020007550018875046 
0.011397849462365592 0.08179012345679013 0.020007550018875046 
0.011827956989247311 0.08487654320987655 0.020762551906379764 
0.012043010752688172 0.08641975308641975 0.021140052850132127 
0.011182795698924731 0.08024691358024691 0.019630049075122686 
0.011182795698924731 0.08024691358024691 0.019630049075122686 
0.01096774193548387 0.0787037037037037 0.019252548131370326 
0.011612903225806452 0.08333333333333333 0.020385050962627407 
0.012473118279569893 0.08950617283950617 0.021895054737636848 
0.012473118279569893 0.08950617283950617 0.021895054737636848 
0.012473118279569893 0.08950617283950617 0.021895054737636848 
0.010752688172043012 0.07716049382716049 0.018875047187617972 
0.011182795698924731 0.08024691358024691 0.019630049075122686 
0.011612903225806452 0.08333333333333333 0.020385050962627407 
0.01096774193548387 0.0787037037037037 0.019252548131370326 
0.012043010752688172 0.08641975308641975 0.021140052850132127 
0.013548387096774193 0.09722222222222222 0.023782559456398643 
0.012473118279569893 0.08950617283950617 0.021895054737636848 
0.012903225806451613 0.09259259259259259 0.022650056625141562 
0.012688172043010752 0.09104938271604938 0.022272555681389205 
0.012688172043010752 0.09104938271604938 0.022272555681389205 
0.012903225806451613 0.09259259259259259 0.022650056625141562 
0.011827956989247311 0.08487654320987655 0.020762551906379764 
0.012043010752688172 0.08641975308641975 0.021140052850132127 
0.012043010752688172 0.08641975308641975 0.021140052850132127 
0.012688172043010752 0.09104938271604938 0.022272555681389205 
0.012903225806451613 0.09259259259259259 0.022650056625141562 
0.013118279569892474 0.0941358024691358 0.023027557568893922 
0.012473118279569893 0.08950617283950617 0.021895054737636848 
0.013333333333333334 0.09567901234567901 0.023405058512646282 
0.012903225806451613 0.09259259259259259 0.022650056625141562 
0.012473118279569893 0.08950617283950617 0.021895054737636848 
0.012688172043010752 0.09104938271604938 0.022272555681389205 
0.013118279569892474 0.0941358024691358 0.023027557568893922 
0.013763440860215054 0.09876543209876543 0.024160060400151 
0.012688172043010752 0.09104938271604938 0.022272555681389205 
0.013333333333333334 0.09567901234567901 0.023405058512646282 
0.013763440860215054 0.09876543209876543 0.024160060400151 
0.013763440860215054 0.09876543209876543 0.024160060400151 
0.013763440860215054 0.09876543209876543 0.024160060400151 
0.013548387096774193 0.09722222222222222 0.023782559456398643 
0.012688172043010752 0.09104938271604938 0.022272555681389205 
0.012258064516129033 0.08796296296296297 0.021517553793884484 
0.012688172043010752 0.09104938271604938 0.022272555681389205 
0.012258064516129033 0.08796296296296297 0.021517553793884484 
0.012688172043010752 0.09104938271604938 0.022272555681389205 
0.013118279569892474 0.0941358024691358 0.023027557568893922 
0.012258064516129033 0.08796296296296297 0.021517553793884484 
0.012903225806451613 0.09259259259259259 0.022650056625141562 
0.013548387096774193 0.09722222222222222 0.023782559456398643 
0.013548387096774193 0.09722222222222222 0.023782559456398643 
0.013763440860215054 0.09876543209876543 0.024160060400151 
0.013548387096774193 0.09722222222222222 0.023782559456398643 
0.013763440860215054 0.09876543209876543 0.024160060400151 
0.013548387096774193 0.09722222222222222 0.023782559456398643 
0.014193548387096775 0.10185185185185185 0.02491506228765572 
0.013548387096774193 0.09722222222222222 0.023782559456398643 
0.013333333333333334 0.09567901234567901 0.023405058512646282 
0.013333333333333334 0.09567901234567901 0.023405058512646282 
0.013118279569892474 0.0941358024691358 0.023027557568893922 
0.013333333333333334 0.09567901234567901 0.023405058512646282 
